20       0.0019388198852539062        0.004044055938720703         0.0014410018920898438
40       0.012844085693359375        0.0007257461547851562         0.011029958724975586
60       0.04064583778381348        0.0005161762237548828         0.0354461669921875
80       0.08982586860656738        0.0005381107330322266         0.0798940658569336
100       0.17307114601135254        0.0010449886322021484         0.15879082679748535
120       0.29519104957580566        0.0010428428649902344         0.2678489685058594
140       0.46736598014831543        0.002420186996459961         0.4231722354888916
160       0.688866138458252        0.008569002151489258         0.6442711353302002
180       0.9819581508636475        0.002363920211791992         0.924839973449707
200       1.3720581531524658        0.0029048919677734375         1.2640931606292725
20       0.002187013626098633        0.00018072128295898438         0.0017387866973876953
40       0.015827178955078125        0.000263214111328125         0.012675046920776367
60       0.04785418510437012        0.0004856586456298828         0.041718482971191406
80       0.11759185791015625        0.0007841587066650391         0.09780430793762207
100       0.22826838493347168        0.001291513442993164         0.19026875495910645
120       0.3934793472290039        0.0016455650329589844         0.3266468048095703
140       0.611522912979126        0.0021338462829589844         0.5202209949493408
160       0.8905351161956787        0.0027086734771728516         0.7668612003326416
180       1.2657086849212646        0.0033273696899414062         1.0905332565307617
200       1.7242789268493652        0.003997802734375         1.4954314231872559
